000000000000110010000000001000000000001101000100
000100000000000000000000010001100000000011010000
000000000000100000100100000000011010000101001101
100000000010000000000100001000101001010010000000
000000000000011000100000010010000000010100100111
110000000001000000100000000011100100100010001000
100000001000001001000000010000000101000101010001
000000000101001000000010100000111000000000101000
001001000000001000000000000000010100011001011010
000000100001000000010000000111011001000000000000
000011000000000001010000100000000100010001100100
000001100100000000001000000010001010101010000100
000010100000000100000000101100000100010010010001
000010000000100000001001000010110000001000000011
000000010010000000001000100101100110000100000000
000100000000000010001100000101010000100000000111
